a：
原码：00000000 00000000 00000000 00000001
补码：00000000 00000000 00000000 00000001
右移：00000000 00000000 00000000 00000000
b：
原码：10000000 00000000 00000000 00000001
反码：11111111 11111111 11111111 11111110
补码：11111111 11111111 11111111 11111111
右移：11111111 11111111 11111111 11111111
反码：11111111 11111111 11111111 11111110
原码：10000000 00000000 00000000 00000001
c：
原码：00000000 00000000 00000000 00000001
补码：00000000 00000000 00000000 00000001
左移：00000000 00000000 00000000 00000100
d：
原码：10000000 00000000 00000000 00000001
反码：11111111 11111111 11111111 11111110(看起来是单纯的数字加减)
补码：11111111 11111111 11111111 11111111
右移：11111111 11111111 11111111 11111100
反码：11111111 11111111 11111111 11111011
原码：10000000 00000000 00000000 00000100
~2
原码：00000000 00000000 00000000 00000010
开反：11111111 11111111 11111111 11111101
反码：11111111 11111111 11111111 11111100
原码：10000000 00000000 00000000 00000011
2&3
2：00000000 00000000 00000000 00000010
3：00000000 00000000 00000000 00000011
y：00000000 00000000 00000000 00000010
2|3
2：00000000 00000000 00000000 00000010
3：00000000 00000000 00000000 00000011
h：00000000 00000000 00000000 00000011
~-5
原码：10000000 00000000 00000000 00000101
反码：11111111 11111111 11111111 11111010
补码：11111111 11111111 11111111 11111011（先单纯的认为是给数字加）
取反：10000000 00000000 00000000 00000100
原码：11111111 11111111 11111111 11111011
13&7
13:00000000 00000000 00000000 00001101
07:00000000 00000000 00000000 00000111
99:00000000 00000000 00000000 00000101
5|4
5:00000000 00000000 00000000 00000101
4:00000000 00000000 00000000 00000100
9:00000000 00000000 00000000 00000101
-3^3
-3:10000000 00000000 00000000 00000011
反：11111111 11111111 11111111 11111100
补：11111111 11111111 11111111 11111101
正：00000000 00000000 00000000 00000101
异：11111111 11111111 11111111 11111000
反：11111111 11111111 11111111 11110111
原：10000000 00000000 00000000 00001000
~-5 
原码：10000000 00000000 00000000 00000101
反码：11111111 11111111 11111111 11111010
补码：11111111 11111111 11111111 11111011
开反：10000000 00000000 00000000 00000100
（我看你也弄不出什么名堂了，不如直接默认是在补码下直接反然后输出
-3^3
-3：10000000 00000000 00000000 00000011
反：11111111 11111111 11111111 11111100
补：11111111 11111111 11111111 11111101
_3：00000000 00000000 00000000 00000011
—：11111111 11111111 11111111 11111110
反：11111111 11111111 11111111 11111101
原：10000000 00000000 00000000 00000010











